109,3
108,3
107,3
106,3
105,3
104,3
103,3
102,3
101,3
100,3
99,3
98,3
97,3
96,3
95,3
94,3
93,3
92,3
91,3
90,3
89,3
88,3
87,3
86,3
85,3
84,3
83,3
82,3
81,3
80,3
79,3
78,3
77,3
76,3
75,3
74,3
73,3
72,3
71,3
70,3
69,3
68,3
67,3
66,3
65,3
64,3
63,3
62,3
61,3
60,3
59,3
58,3
57,3
56,3
55,3
54,3
53,3
52,3
51,3
50,3
49,3
48,3
47,3
46,3
45,3
44,3
43,3
42,3
41,3
40,3
39,3
38,3
37,3
36,3
35,3
34,3
33,3
32,3
31,3
30,3
29,3
28,3
27,3
26,3
25,3
24,3
23,3
22,3
21,3
20,3
19,3
18,3
17,3
16,3
15,3
14,3
13,3
12,3
11,3
10,3
9,3
8,3
7,3
6,3
5,3
4,3
3,6
3,5
3,4
3,3
3,2
2,15
2,14
2,13
2,12
2,11
2,10
2,9
2,8
2,7
2,6
2,5
2,4
2,3
2,2
1,3
1,2
0,832
0,640
0,578
0,577
0,576
0,460
0,457
0,456
0,455
0,453
0,452
0,450
0,449
0,448
0,447
0,444
0,443
0,442
0,441
0,440
0,426
0,413
0,384
0,363
0,324
0,243
0,0
0,1
0,454
0,446
0,459
0,439
0,300
0,299
0,437
0,298
0,297
0,296
0,295
0,294
0,293
0,431
0,292
0,291
0,290
0,289
110,3
111,3
113,3
114,3
116,3
117,3
119,3
121,3
122,3
124,3
125,3
127,3
129,3
130,3
132,3
133,3
135,3
136,3
138,3
140,3
141,3
143,3
144,3
146,3
148,3
149,3
151,3
152,3
154,3
155,3
157,3
159,3
160,3
162,3
163,3
165,3
167,3
168,3
170,3
171,3
171,327
171,713
171,744
171,756
171,1122
171,1128
171,1135
171,1147
171,1149
171,1150
171,1473
171,1474
171,1476
171,1478
171,1479
171,1481
171,1482
171,1484
171,1485
171,1487
171,1489
171,1490
171,1492
171,1493
171,1495
171,1497
171,1498
171,1500
171,1501
171,1503
171,1504
171,1506
171,1508
171,1509
171,1511
171,1512
171,1514
171,1516
171,1517
171,1519
171,1520
171,1522
171,1523
171,1525
171,1527
171,1528
171,1588
171,1589
171,1591
171,1593
171,1594
171,1596
171,1597
171,1599
171,1601
171,1602
171,1604
171,1605
171,1607
171,1608
171,1610
171,1612
171,1613
171,1615
171,1616
171,1618
171,1620
171,1621
171,1623
171,1624
171,1626
171,1627
171,1629
171,1631
171,1632
171,1634
171,1635
171,1637
171,1640
171,1641
171,1644
171,1646
171,1649
171,1651
171,1654
171,1657
171,1659
171,1662
171,1663
171,1667
171,1670
171,1671
171,1675
171,1676
171,1679
171,1681
171,1684
171,1687
171,1689
171,1692
171,1694
171,1697
171,1700
171,1701
171,1705
171,1706
171,1709
171,1712
171,1713
171,1715
171,1716
171,1718
171,1719
171,1721
171,1723
171,1724
171,1726
171,1727
171,1729
171,1731
171,1732
171,1734
171,1735
171,1737
171,1738
171,1740
171,1742
171,1743
171,1745
171,1746
171,1748
171,1750
171,1751
171,1753
171,1754
171,1756
171,1757
171,1759
171,1761
171,1762
171,1764
171,1765
171,1767
171,1769
171,1770
171,1772
171,1773
171,1775
171,1777
171,1778
171,1780
171,1781
171,1783
171,1784
171,1786
171,1788
171,1789
171,1791
171,1792
171,1794
171,1796
171,1797
171,1799
171,1800
171,1802
171,1803
171,1805
171,1807
171,1808
171,1810
171,1811
171,1813
171,1815
171,1816
171,1818
171,1819
171,1821
171,1822
171,1824
171,1826
171,1827
171,1829
171,1830
171,1832
171,1834
171,1835
171,1837
171,1838
171,1840
171,1841
171,1843
171,1845
171,1846
171,1848
171,1849
171,1851
171,1853
171,1854
171,1856
171,1857
171,1859
171,1920
171,1921
171,1923
171,1924
171,1926
171,1927
171,1929
171,1931
171,1932
171,1934
171,1935
171,1937
171,1939
171,1940
171,1942
171,1943
171,1945
171,1946
171,1948
171,1950
171,1951
171,1953
171,1954
171,1956
171,1958
171,1959
171,1961
171,1962
171,1964
171,1965
171,1967
171,1969
171,1970
171,1972
171,1973
171,1975
171,1977
171,1978
171,1980
171,1981
171,1983
171,1985
171,1986
171,1988
171,1989
171,1991
171,1992
171,1994
171,1996
171,1997
171,1999
171,2000
171,2002
171,2004
171,2005
171,2007
171,2008
171,2010
171,2011
171,2013
171,2015
171,2016
171,2018
171,2019
171,2021
171,2023
171,2024
171,2026
171,2027
171,2029
171,2030
171,2032
171,2034
171,2035
171,2037
171,2038
171,2040
171,2042
171,2043
171,2045
171,2046
171,2048
171,2050
171,2051
171,2053
171,2054
171,2056
171,2057
171,2059
171,2061
171,2062
172,3
173,3
175,3
175,5
175,6
176,4
176,5
176,7
177,3
178,4
179,3
180,2
180,4
180,5
180,7
180,9
180,10
180,12
180,13
180,15
180,16
180,18
180,20
180,21
180,23
180,24
180,26
180,28
180,29
180,31
180,32
180,34
180,35
181,2
182,2
182,3
183,1
183,2
183,4
183,6
183,7
183,9
183,10
183,12
183,14
183,15
183,17
183,18
183,20
183,21
183,23
183,25
183,26
183,28
183,29
183,31
183,33
183,34
183,64
183,65
183,67
183,68
183,70
184,3
185,0
185,2
185,3
185,5
185,7
185,8
185,10
185,11
185,13
185,14
185,16
185,18
185,19
185,21
185,22
185,24
185,26
185,27
185,29
185,30
185,32
185,34
185,35
185,37
185,38
185,40
185,41
185,43
185,45
185,46
185,48
185,49
185,51
185,53
185,54
185,56
185,57
185,59
185,60
185,62
185,64
185,65
185,67
185,68
185,70
185,72
185,73
185,75
185,76
185,78
185,79
185,81
185,83
185,84
185,86
185,87
185,89
185,91
185,92
185,94
185,95
185,97
185,98
185,100
185,102
185,103
185,105
185,106
185,108
185,110
185,111
185,113
185,114
185,116
185,118
185,119
185,121
185,122
185,124
185,125
185,127
185,129
185,130
185,132
185,133
185,135
185,137
185,138
185,140
185,141
185,143
185,144
185,146
185,148
185,149
185,151
185,152
185,154
185,156
185,157
185,159
185,160
185,162
185,163
185,165
185,167
185,168
185,170
185,171
185,173
185,175
185,176
185,178
185,179
185,181
185,183
185,184
185,186
185,187
185,189
185,190
185,192
185,194
185,195
185,197
185,198
185,200
185,202
185,203
185,205
185,206
185,208
185,209
185,211
185,213
185,214
185,216
185,217
185,219
185,221
185,222
185,224
185,225
185,227
185,228
185,230
185,232
185,233
185,235
185,236
185,238
185,240
185,241
185,243
185,244
185,246
185,247
185,249
185,251
185,252
185,254
185,255
185,257
185,259
185,260
185,262
185,320
185,322
185,324
185,325
185,327
185,328
185,330
185,331
185,333
185,335
185,336
185,338
185,339
185,341
185,343
185,344
185,346
185,347
185,349
185,350
185,352
185,354
185,355
185,357
185,358
185,360
185,362
185,363
185,365
185,366
185,368
185,369
185,371
185,373
185,374
185,376
185,377
185,384
185,386
185,387
185,389
185,390
185,392
185,394
185,395
185,397
185,398
185,400
185,401
185,403
185,405
185,406
185,408
185,409
185,411
185,413
185,414
185,416
185,417
185,419
185,420
185,422
185,424
185,425
185,427
185,428
185,430
185,432
185,433
185,435
185,436
185,438
185,439
185,441
185,443
185,444
185,446
185,447
185,449
185,451
185,452
185,454
185,455
185,457
185,459
185,460
185,462
185,463
185,465
185,466
185,468
185,470
185,471
185,473
185,474
185,476
185,478
185,479
185,481
185,482
185,484
185,485
185,487
185,489
185,490
185,492
185,493
185,495
185,497
185,498
185,500
185,501
185,503
185,504
185,506
185,508
185,509
185,511
185,512
185,514
185,516
185,517
185,519
185,520
185,522
185,523
185,525
185,527
185,528
185,530
185,531
185,533
185,535
185,536
185,538
185,539
185,541
185,543
185,544
185,546
185,547
185,549
185,550
185,552
185,554
185,555
185,557
185,558
185,560
185,562
185,563
185,565
185,566
185,568
185,569
185,571
185,573
185,574
185,577
185,578
185,580
185,582
185,583
185,585
185,586
185,588
185,589
185,591
185,593
185,594
185,596
185,597
185,599
185,601
185,602
185,604
185,605
185,607
185,609
185,610
185,612
185,613
185,615
185,616
185,618
185,620
185,621
185,623
185,624
185,626
185,628
185,629
185,631
185,632
185,634
185,635
185,637
185,639
185,640
185,642
185,643
185,645
185,647
185,648
185,650
185,651
185,653
185,654
185,656
185,658
185,659
185,661
185,662
185,664
185,666
185,667
185,704
185,768
185,833
185,834
186,2
187,2
187,3
188,1
188,2
188,4
189,0
189,1
189,3
189,4
189,6
189,8
190,2
191,0
191,1
191,3
191,4
191,6
192,2
192,3
193,1
193,2
193,4
193,6
193,7
195,3
196,2
197,2
197,3
199,2
199,4
200,2
201,0
201,1
201,3
201,5
202,0
202,2
202,3
202,5
202,6
203,1
203,3
203,4
203,6
203,7
203,9
203,11
203,12
203,14
203,15
203,17
203,19
203,20
203,22
203,23
203,25
203,26
203,28
203,30
203,31
203,33
203,34
203,36
203,38
203,39
203,41
203,42
203,44
203,45
203,47
203,49
203,50
203,52
203,53
203,55
203,57
203,58
203,60
204,2
205,2
205,3
206,3
207,1
207,2
207,4
207,5
207,7
207,9
207,10
207,12
207,13
207,15
208,0
208,2
208,4
208,5
208,7
208,8
208,10
208,12
208,13
208,15
208,16
208,18
208,20
208,21
208,23
208,24
208,26
208,27
208,29
208,31
208,32
208,34
208,35
208,37
208,64
208,65
208,67
208,68
208,70
208,71
208,73
208,75
208,76
208,78
208,79
208,81
208,83
208,84
208,86
208,87
208,89
208,90
208,92
208,94
208,95
208,97
208,98
208,100
208,102
208,103
208,105
208,106
208,108
208,110
208,111
208,113
208,114
208,116
208,117
208,119
208,121
208,122
208,124
208,125
208,127
208,129
208,130
208,132
208,133
208,135
208,136
208,138
208,140
208,141
208,143
208,144
208,146
208,148
208,149
208,151
208,152
208,154
208,155
208,157
208,159
208,160
208,162
208,163
208,165
208,167
208,168
208,170
208,171
208,173
208,175
208,176
208,178
208,179
208,181
208,182
208,184
208,186
208,187
208,189
208,190
208,192
208,194
208,195
208,197
208,198
208,200
208,201
208,203
208,205
208,206
208,208
208,209
208,211
208,213
208,214
208,216
208,217
208,219
208,220
208,222
208,224
208,225
208,227
208,228
208,230
208,232
208,233
208,235
208,236
208,238
208,239
208,241
208,243
208,244
208,246
208,247
208,249
208,251
208,252
208,254
208,255
208,257
208,259
208,260
208,262
208,263
208,265
208,266
208,268
208,270
208,271
208,273
208,274
208,276
208,278
208,279
208,281
208,282
208,284
208,285
208,287
208,289
208,290
208,292
208,293
208,295
208,297
208,298
208,300
208,301
208,303
208,304
208,306
208,308
208,309
208,311
208,312
208,314
208,316
208,317
208,319
208,320
208,322
208,324
208,325
208,327
208,328
208,330
208,331
208,333
208,335
208,336
208,338
208,339
208,341
208,343
208,344
208,346
208,347
208,349
208,350
208,352
208,354
208,355
208,357
208,358
208,360
208,362
208,363
208,365
208,366
208,368
208,369
208,371
208,373
208,374
208,376
208,377
208,379
208,381
208,382
208,384
208,385
208,387
208,388
208,390
208,392
208,393
208,395
208,396
208,398
208,400
208,401
208,403
208,404
208,406
208,408
208,409
208,411
208,412
208,414
208,415
208,417
208,419
208,420
208,422
208,423
208,425
208,427
208,428
208,430
208,431
208,433
208,434
208,436
208,438
208,439
208,441
208,442
208,444
208,446
208,447
208,449
208,450
208,452
208,453
208,455
208,457
208,458
208,460
208,461
208,463
208,465
208,466
208,468
208,469
208,471
208,473
208,474
208,476
208,477
208,479
208,480
208,482
208,484
208,485
208,487
208,488
209,3
210,3
210,4
210,2
208,489
208,486
208,483
208,481
208,478
208,475
208,472
208,470
208,467
208,464
208,462
208,459
208,456
208,454
208,451
208,448
208,445
208,443
208,440
208,437
208,435
208,432
208,429
208,426
208,424
208,421
208,418
208,416
208,413
208,410
208,407
208,405
208,402
208,399
208,397
208,394
208,391
208,389
208,386
208,383
208,380
208,378
208,375
208,372
208,370
208,367
208,364
208,361
208,359
208,356
208,353
208,351
208,348
208,345
208,342
208,340
208,337
208,334
208,332
208,329
208,326
208,323
208,321
208,318
208,315
208,313
208,310
208,307
208,305
208,302
208,299
208,296
208,294
208,291
208,288
208,286
208,283
208,280
208,277
208,275
208,272
208,269
208,267
208,264
208,261
208,258
208,256
208,253
208,250
208,248
208,245
208,242
208,240
208,237
208,234
208,231
208,229
208,226
208,223
208,221
208,218
208,215
208,212
208,210
208,207
208,204
208,202
208,199
208,196
208,193
208,191
208,188
208,185
208,183
208,180
208,177
208,174
208,172
208,169
208,166
208,164
208,161
208,158
208,156
208,153
208,150
208,147
208,145
208,142
208,139
208,137
208,134
208,131
208,128
208,126
208,123
208,120
208,118
208,115
208,112
208,109
208,107
208,104
208,101
208,99
208,96
208,93
208,91
208,88
208,85
208,82
208,80
208,77
208,74
208,72
208,69
208,66
208,38
208,36
208,33
208,30
208,28
208,25
208,22
208,19
208,17
208,14
208,11
208,9
208,6
208,3
208,1
207,14
207,11
207,8
207,6
207,3
207,0
206,2
204,3
203,59
203,56
203,54
203,51
203,48
203,46
203,43
203,40
203,37
203,35
203,32
203,29
203,27
203,24
203,21
203,18
203,16
203,13
203,10
203,8
203,5
203,2
203,0
202,4
202,1
201,4
201,2
200,3
199,3
198,3
196,3
194,3
193,5
193,3
193,0
191,7
191,5
191,2
190,3
189,7
189,5
189,2
188,5
188,3
188,0
186,3
185,835
185,832
185,668
185,665
185,663
185,660
185,657
185,655
185,652
185,649
185,646
185,644
185,641
185,638
185,636
185,633
185,630
185,627
185,625
185,622
185,619
185,617
185,614
185,611
185,608
185,606
185,603
185,600
185,598
185,595
185,592
185,590
185,587
185,584
185,581
185,579
185,576
185,572
185,570
185,567
185,564
185,561
185,559
185,556
185,553
185,551
185,548
185,545
185,542
185,540
185,537
185,534
185,532
185,529
185,526
185,524
185,521
185,518
185,515
185,513
185,510
185,507
185,505
185,502
185,499
185,496
185,494
185,491
185,488
185,486
185,483
185,480
185,477
185,475
185,472
185,469
185,467
185,464
185,461
185,458
185,456
185,453
185,450
185,448
185,445
185,442
185,440
185,437
185,434
185,431
185,429
185,426
185,423
185,421
185,418
185,415
185,412
185,410
185,407
185,404
185,402
185,399
185,396
185,393
185,391
185,388
185,385
185,378
185,375
185,372
185,370
185,367
185,364
185,361
185,359
185,356
185,353
185,351
185,348
185,345
185,342
185,340
185,337
185,334
185,332
185,329
185,326
185,323
185,321
185,261
185,258
185,256
185,253
185,250
185,248
185,245
185,242
185,239
185,237
185,234
185,231
185,229
185,226
185,223
185,220
185,218
185,215
185,212
185,210
185,207
185,204
185,201
185,199
185,196
185,193
185,191
185,188
185,185
185,182
185,180
185,177
185,174
185,172
185,169
185,166
185,164
185,161
185,158
185,155
185,153
185,150
185,147
185,145
185,142
185,139
185,136
185,134
185,131
185,128
185,126
185,123
185,120
185,117
185,115
185,112
185,109
185,107
185,104
185,101
185,99
185,96
185,93
185,90
185,88
185,85
185,82
185,80
185,77
185,74
185,71
185,69
185,66
185,63
185,61
185,58
185,55
185,52
185,50
185,47
185,44
185,42
185,39
185,36
185,33
185,31
185,28
185,25
185,23
185,20
185,17
185,15
185,12
185,9
185,6
185,4
185,1
183,71
183,69
183,66
183,35
183,32
183,30
183,27
183,24
183,22
183,19
183,16
183,13
183,11
183,8
183,5
183,3
183,0
181,3
180,64
180,33
180,30
180,27
180,25
180,22
180,19
180,17
180,14
180,11
180,8
180,6
180,3
178,5
178,3
176,6
176,3
175,4
174,3
171,2063
171,2060
171,2058
171,2055
171,2052
171,2049
171,2047
171,2044
171,2041
171,2039
171,2036
171,2033
171,2031
171,2028
171,2025
171,2022
171,2020
171,2017
171,2014
171,2012
171,2009
171,2006
171,2003
171,2001
171,1998
171,1995
171,1993
171,1990
171,1987
171,1984
171,1982
171,1979
171,1976
171,1974
171,1971
171,1968
171,1966
171,1963
171,1960
171,1957
171,1955
171,1952
171,1949
171,1947
171,1944
171,1941
171,1938
171,1936
171,1933
171,1930
171,1928
171,1925
171,1922
171,1860
171,1858
171,1855
171,1852
171,1850
171,1847
171,1844
171,1842
171,1839
171,1836
171,1833
171,1831
171,1828
171,1825
171,1823
171,1820
171,1817
171,1814
171,1812
171,1809
171,1806
171,1804
171,1801
171,1798
171,1795
171,1793
171,1790
171,1787
171,1785
171,1782
171,1779
171,1776
171,1774
171,1771
171,1768
171,1766
171,1763
171,1760
171,1758
171,1755
171,1752
171,1749
171,1747
171,1744
171,1741
171,1739
171,1736
171,1733
171,1730
171,1728
171,1725
171,1722
171,1720
171,1717
171,1714
171,1711
171,1708
171,1703
171,1698
171,1695
171,1690
171,1686
171,1682
171,1678
171,1673
171,1668
171,1665
171,1660
171,1656
171,1652
171,1648
171,1643
171,1638
171,1636
171,1633
171,1630
171,1628
171,1625
171,1622
171,1619
171,1617
171,1614
171,1611
171,1609
171,1606
171,1603
171,1600
171,1598
171,1595
171,1592
171,1590
171,1529
171,1526
171,1524
171,1521
171,1518
171,1515
171,1513
171,1510
171,1507
171,1505
171,1502
171,1499
171,1496
171,1494
171,1491
171,1488
171,1486
171,1483
171,1480
171,1477
171,1475
171,1151
171,1148
171,1145
171,1123
171,754
171,733
171,54
169,3
166,3
164,3
161,3
158,3
156,3
153,3
150,3
147,3
145,3
142,3
139,3
137,3
134,3
131,3
128,3
126,3
123,3
120,3
118,3
115,3
112,3
